1
3
4
5
6
7
8
9
10
12
13
14
15
16
18
20
22
23
26
27
28
29
30
31
32
33
34
35
38
39
40
41
43
44
45
46
47
49
50
53
55
56
57
58
60
65
66
67
68
69
70
71
72
75
76
77
78
80
81
87
88
89
90
91
93
115
120
122
123
125
127
128
131
132
134
135
136
137
139
140
146
150
151
152
153
154
155
162
164
165
166
167
168
169
171
172
179
187
188
189
190
191
198
201
204
205
207
208
209
210
211
213
214
215
216
217
219
220
224
225
227
228
229
231
232
233
238
239
241
242
258
260
263
264
268
273
274
275
278
279
282
283
287
290
292
295
299
300
301
303
306
307
309
312
313
315
316
318
321
322
324
326
327
330
334
338
341
342
343
344
345
347
349
350
352
354
355
357
365
367
368
371
372
373
374
376
377
378
380
381
383
384
385
386
387
389
390
392
393
394
395
396
397
398
399
400
402
403
405
406
409
410
412
413
414
415
416
420
421
423
424
432
433
434
435
436
438
440
442
443
446
447
448
449
451
452
453
454
455
456
458
459
460
461
462
464
466
467
468
470
472
474
475
476
477
478
479
480
481
482
483
485
486
491
492
493
494
495
496
502
503
504
506
507
509
516
517
518
519
520
521
522
523
524
525
526
528
532
535
537
539
540
541
546
551
552
553
556
557
560
561
564
565
567
575
581
583
591
592
593
599
600
605
611
621
622
624
628
629
630
632
633
638
639
640
641
643
645
646
647
648
649
650
657
658
659
664
665
667
670
672
673
674
676
677
678
679
680
682
686
689
691
692
693
696
697
698
703
704
705
706
707
709
710
712
713
714
715
717
718
719
720
721
722
724
726
728
729
730
731
732
735
736
738
739
740
744
745
746
747
748
752
753
754
757
761
762
763
765
767
768
769
771
775
777
779
780
781
784
786
788
789
791
792
793
795
796
798
801
803
804
805
806
808
809
810
811
813
815
816
819
820
821
822
823
824
825
826
827
828
829
830
831
832
836
837
839
841
842
844
845
846
851
852
854
855
856
857
859
860
862
868
869
870
871
873
874
875
877
878
879
881
884
886
887
888
890
891
895
896
899
901
902
904
905
907
908
910
911
912
914
917
918
921
922
924
925
926
927
928
929
930
933
934
937
940
942
944
945
946
947
953
954
961
966
969
970
974
976
977
978
981
982
983
989
990
992
995
997
1000
1002
1003
1004
1005
1006
1009
1010
1011
1012
1013
1014
1016
1017
1018
1021
1023
1024
1025
1027
1030
1031
1032
1033
1034
1036
1037
1040
1041
1042
1043
1046
1047
1048
1049
1051
1052
1053
1054
1061
1071
1072
1073
1078
1079
1081
1089
1090
1092
1093
1094
1095
1096
1103
1106
1108
1109
1111
1122
1124
1125
1128
1129
1137
1139
1140
1143
1144
1146
1147
1154
1155
1156
1157
1160
1163
1170
1172
1175
1177
1178
1185
1186
1187
1190
1200
1202
1207
1208
1218
1219
1220
1221
1223
1224
1227
1233
1234
1237
1238
1239
1247
1248
1250
1253
1255
1262
1269
1276
1277
1278
1281
1282
1286
1287
1288
1291
1295
1296
1297
1298
1299
1300
1301
1304
1306
1309
1310
1312
1313
1314
1316
1317
1323
1324
1328
1330
1331
1332
1333
1337
1338
1342
1345
1356
1357
1359
1363
1365
1366
1370
1371
1374
1375
1380
1381
1385
1387
1389
1390
1392
1394
1395
1396
1397
1399
1400
1402
1403
1404
1405
1406
1408
1409
1410
1413
1414
1416
1417
1418
1419
1422
1423
1425
1431
1432
1433
1434
1436
1438
1439
1441
1442
1446
1447
1449
1450
1455
1456
1458
1460
1461
1464
1470
1472
1473
1475
1480
1481
1482
1486
1487
1491
1492
1493
1497
1498
1499
1502
1507
1508
1509
1510
1512
1513
1520
1523
1524
1525
1526
1529
1531
1534
1535
1539
1540
1541
1542
1544
1545
1550
1551
1553
1556
1561
1562
1563
1566
1567
1573
1574
1575
1576
1577
1583
1585
1588
1589
1590
1592
1593
1600
1603
1604
1605
1608
1611
1614
1616
1619
1624
1626
1629
1630
1636
1638
1640
1641
1646
1652
1653
1654
1657
1658
1662
1663
1664
1668
1670
1671
1672
1673
1678
1681
1684
1686
1687
1688
1690
1694
1695
1696
1700
1702
1703
1704
1705
1707
1710
1711
1713
1716
1717
1720
1723
1725
1726
1732
1733
1734
1735
1736
1738
1742
1743
1744
1745
1748
1749
1750
1752
1753
1754
1758
1759
1760
1763
1764
1768
1769
1773
1774
1775
1779
1780
1781
1784
1785
1787
1790
1792
1793
1796
1798
1799
1800
1802
1803
1805
1806
1807
1813
1814
1815
1816
1817
1818
1822
1827
1829
1830
1832
1833
1834
1835
1837
1838
1839
1844
1845
1846
1848
1849
1850
1851
1854
1855
1856
1859
1860
1862
1863
1864
1865
1866
1869
1870
1871
1872
1876
1877
1879
1880
1881
1882
1883
1884
1887
1888
1889
1893
1894
1897
1898
1899
1900
1903
1904
1906
1909
1910
1911
1913
1915
1920
1921
1922
1923
1925
1927
1929
1930
1935
1936
1941
1942
1945
1946
1947
1952
1953
1955
1957
1959
1961
1962
1963
1964
1967
1968
1969
1979
1980
1982
1984
1985
1986
1987
1991
1994
1995
1996
1997
2000
2006
2007
2008
2009
2011
2012
2016
2024
2027
2028
2029
2032
2037
2038
2040
2043
2044
2047
2048
2053
2057
2059
2060
2062
2063
2064
2068
2070
2071
2073
2076
2079
2080
2081
2085
2089
2091
2094
2099
2100
2104
2105
2108
2109
2110
2111
2114
2115
2119
2121
2122
2124
2126
2129
2131
2134
2135
2138
2139
2140
2144
2145
2148
2149
2150
2154
2155
2157
2160
2161
2163
2164
2165
2166
2167
2169
2170
2171
2172
2176
2177
2178
2179
2180
2182
2185
2187
2188
2190
2191
2195
2197
2200
2202
2206
2207
2208
2210
2215
2216
2217
2220
2222
2224
2225
2226
2227
2231
2232
2233
2234
2235
2239
2240
2241
2243
2244
2248
2255
2259
2261
2264
2269
2270
2272
2273
2274
2275
2276
2278
2283
2286
2287
2288
2294
2296
2299
2300
2302
2303
2306
2309
2310
2311
2315
2327
2332
2335
2336
2337
2338
2341
2342
2347
2348
2349
2351
2353
2357
2363
2364
2367
2369
2376
2379
2383
2386
2389
2390
2391
2395
2398
2399
2404
2409
2410
2411
2412
2413
2414
2418
2419
2420
2423
2427
2432
2434
2437
2438
2441
2444
2446
2451
2454
2455
2460
2462
2465
2469
2475
2485
2488
2490
2496
2502
2506
2511
2512
2516
2517
2520
2525
2529
2530
2535
2537
2544
2549
2552
2555
2558
2559
2560
2561
2562
2563
2566
2569
2575
2576
2578
2580
2582
2586
2588
2589
2591
2594
2595
2597
2600
2605
2609
2610
2611
2612
2616
2643
2644
2645
2651
2652
2656
2660
2663
2670
2671
2678
2679
2680
2681
2682
2696
2697
2698
2706
2707
2708
2710
2712
2716
2717
2719
2731
2732
2734
2735
2736
2739
2740
2741
2742
2744
2748
2749
2760
2765
2766
2769
2779
2785
2786
2787
2788
2789
2798
2799
2806
2808
2809
2810
2813
2824
2828
2829
2831
2834
2843
2844
2845
2848
2859
2860
2861
2864
2865
2866
2873
2874
2894
2900
2901
2903
2908
2917
2918
2923
2928
2929
2931
2938
2940
2942
2944
2951
2952
2960
2961
2962
2965
2966
2970
2972
2974
2981
2982
2999
3000
3005
3007
3011
3019
3024
3038
3040
3046
3065
3066
3072
3083
3085
3086
3095
3096
3097
3098
3099
3101
3102
3106
3110
3115
3117
3127
3128
3129
3130
3131
3132
3133
3134
3136
3137
3138
3144
3145
3146
3151
3152
3153
3154
3158
3159
3162
3164
3165
3169
3170
3171
3174
3175
3176
3177
3180
3184
3185
3191
3192
3193
3194
3201
3202
3211
3216
3222
3226
3227
3232
3233
3238
3248
3250
3251
3254
3255
3258
3259
3261
3264
3266
3270
3272
3280
3285
3287
3291
3292
3297
3298
3304
3305
3306
3307
3330
3333
3335
3337
3340
3341
3342
3343
3355
3356
3362
3375
3392
3396
3403
3405
3408
3423
3442
3443
3445
3477
3479
3480
3484
3487
3495
3508
3516
3541
