40
47
120
134
624
781
922
924
1014
1061
1103
1146
1227
1277
1278
1287
1295
1298
1299
1304
1317
1323
1328
1338
1366
1394
1399
1432
1472
1493
1550
1673
1695
1702
1717
1733
1745
1793
1863
1870
1884
1920
1922
1935
1957
1963
1969
2009
2070
2073
2080
2094
2099
2129
2131
2138
2140
2145
2176
2179
2187
2197
2200
2210
2225
2239
2241
2255
2264
2269
2270
2274
2278
2288
2302
2327
2332
2348
2369
2390
2398
2414
2434
2438
2506
2529
2535
2537
2555
2563
2566
2575
2576
2580
2588
2589
2595
2597
2610
2616
