40
47
51
52
120
134
624
688
781
782
826
871
894
910
922
924
928
935
994
1007
1014
1061
1103
1146
1227
1277
1278
1287
1295
1298
1299
1304
1317
1323
1328
1329
1338
1353
1366
1394
1399
1432
1472
1493
1504
1547
1550
1552
1673
1686
1695
1702
1705
1717
1733
1745
1751
1792
1793
1857
1863
1865
1870
1883
1884
1900
1920
1922
1928
1931
1935
1957
1958
1963
1969
1976
1997
2007
2009
2040
2056
2065
2070
2071
2073
2080
2081
2094
2099
2101
2116
2129
2131
2138
2140
2145
2163
2176
2179
2187
2192
2197
2200
2207
2209
2210
2218
2221
2225
2234
2239
2241
2244
2255
2264
2266
2269
2270
2272
2273
2274
2275
2278
2286
2288
2294
2296
2302
2306
2311
2312
2322
2327
2332
2338
2348
2349
2353
2359
2360
2364
2369
2374
2376
2386
2390
2398
2411
2412
2414
2419
2434
2438
2444
2462
2502
2506
2516
2529
2535
2537
2545
2549
2552
2555
2561
2563
2566
2575
2576
2580
2588
2589
2595
2597
2610
2612
2614
2616
2617
2642
2643
2644
2663
2671
2673
2680
2684
2708
2710
2711
2712
2713
2717
2732
2734
2739
2740
2741
2742
2744
2748
2749
2765
2766
2769
2779
2786
2787
2789
2798
2799
2806
2813
2829
2831
2834
2843
2844
2845
2848
2850
2860
2864
2873
2874
2894
2900
2901
2903
2908
2917
2918
2920
2923
2924
2928
2929
2931
2938
2940
2942
2944
2951
2956
2959
2960
2961
2962
2965
2966
2970
2972
2974
2981
2982
2999
3000
3001
3005
3019
3021
3024
3025
3027
3033
3038
3040
3046
3065
3066
3067
3068
3072
3083
3085
3086
3095
3096
3097
3098
3099
3101
3102
3106
3110
3111
3112
3117
3127
3128
3129
3130
3131
3132
3134
3136
3137
3138
3142
3143
3144
3145
3146
3148
3151
3152
3153
3154
3158
3159
3162
3165
3169
3170
3171
3174
3175
3176
3177
3180
3184
3185
3191
3192
3193
3194
3195
3197
3200
3201
3202
3206
3208
3211
3216
3218
3219
3222
3226
3227
3232
3233
3235
3238
3239
3240
3242
3243
3244
3248
3249
3250
3251
3254
3255
3258
3259
3261
3264
3266
3270
3272
3274
3280
3285
3287
3291
3292
3297
3298
3304
3305
3306
3307
3330
3333
3335
3337
3340
3341
3342
3343
3355
3356
3362
3363
3372
3373
3375
3392
3396
3403
3405
3408
3423
3439
3440
3442
3443
